county_id	nonres_occupancy_ratio_2010	nonres_occupancy_ratio_2011	nonres_occupancy_ratio_2012	nonres_occupancy_ratio_2013	nonres_occupancy_ratio_2014	nonres_occupancy_ratio_2015	nonres_occupancy_ratio_2016	nonres_occupancy_ratio_2017	nonres_occupancy_ratio_2018	nonres_occupancy_ratio_2019	nonres_occupancy_ratio_2020	nonres_occupancy_ratio_2021	nonres_occupancy_ratio_2022	nonres_occupancy_ratio_2023	nonres_occupancy_ratio_2024	nonres_occupancy_ratio_2025	nonres_occupancy_ratio_2026	nonres_occupancy_ratio_2027	nonres_occupancy_ratio_2028	nonres_occupancy_ratio_2029	nonres_occupancy_ratio_2030	nonres_occupancy_ratio_2031	nonres_occupancy_ratio_2032	nonres_occupancy_ratio_2033	nonres_occupancy_ratio_2034	nonres_occupancy_ratio_2035	nonres_occupancy_ratio_2036	nonres_occupancy_ratio_2037	nonres_occupancy_ratio_2038	nonres_occupancy_ratio_2039	nonres_occupancy_ratio_2040
1	0.781876049689	0.783937066284	0.78625825912	0.788137749674	0.792260553043	0.799213009062	0.806207901995	0.815672749797	0.827810527975	0.832314870417	0.847498465365	0.853123466147	0.855971957962	0.858962238224	0.861694203814	0.864158606078	0.8655775828	0.866014487032	0.870719814272	0.874113332442	0.877965705426	0.881319983862	0.885845515852	0.890027482752	0.892250682658	0.899134115591	0.905299058877	0.912737843381	0.919472514172	0.925842147632	0.929718740997
7	0.763344939682	0.843733728037	0.891089439243	0.928855918895	0.960600675308	0.980872218723	0.999920657609	0.991681028431	1.00042411219	1.00841750599	1.01539013601	1.01594428745	1.01375817912	1.01369988325	1.01445118181	1.01300412431	1.01338832555	1.0136947459	1.01405997295	1.01372925804	1.01326617713	1.01278832832	1.01386050639	1.01433209425	1.01464541431	1.0143460787	1.0140766393	1.01337287124	1.01337917538	1.01300027681	1.01304453277
17	0.0	0.0	0.0	0.0	0.0	0.0	0.0	0.0	0.0	0.0	0.0	0.0	0.0	0.0	0.0	0.0	0.0	0.0	0.0	0.0	0.0	0.0	0.0	0.0	0.0	0.0	0.0	0.0	0.0	0.0	0.0
21	1.20910486986	1.27856636001	1.27630185059	1.27491407678	1.27360988744	1.27272919445	1.26774593107	1.2672042374	1.26400302974	1.2618522591	1.2608642855	1.257726689	1.25365114007	1.25184443984	1.24988298001	1.24841337189	1.24541962017	1.24396792959	1.24189496763	1.24045754729	1.23961136281	1.23938631966	1.23734328869	1.23425015975	1.23707960905	1.23532133928	1.23485088632	1.23465079186	1.23367794844	1.2333555406	1.23310648897
23	0.0	0.0	0.0	0.0	0.0	0.0	0.0	0.0	0.0	0.0	0.0	0.0	0.0	0.0	0.0	0.0	0.0	0.0	0.0	0.0	0.0	0.0	0.0	0.0	0.0	0.0	0.0	0.0	0.0	0.0	0.0
24	0.0	0.0	0.0	0.0	0.0	0.0	0.0	0.0	0.0	0.0	0.0	0.0	0.0	0.0	0.0	0.0	0.0	0.0	0.0	0.0	0.0	0.0	0.0	0.0	0.0	0.0	0.0	0.0	0.0	0.0	0.0
28	0.984328854846	1.15295468277	1.14392383528	1.12768046918	1.13020849061	1.12584671571	1.12752435471	1.12427279551	1.12434433546	1.12216635303	1.11911015224	1.11291700589	1.11969911164	1.11749222213	1.11450676188	1.11551949463	1.11510523509	1.11692286551	1.11413245649	1.11329216885	1.11302783645	1.10972425246	1.11101032783	1.11392452096	1.11463508799	1.11453361309	1.11453361309	1.11437160114	1.11429241552	1.11362832831	1.11364774548
35	0.0	0.0	0.0	0.0	0.0	0.0	0.0	0.0	0.0	0.0	0.0	0.0	0.0	0.0	0.0	0.0	0.0	0.0	0.0	0.0	0.0	0.0	0.0	0.0	0.0	0.0	0.0	0.0	0.0	0.0	0.0
38	0.869395225878	0.879902656396	0.887802474586	0.898045187425	0.909072721164	0.91273004531	0.917692482087	0.913439807617	0.916129144023	0.917129105372	0.912337348838	0.911432891792	0.912750064093	0.913937572915	0.916077406847	0.917774661787	0.920022189648	0.920687568477	0.922917871856	0.924894517563	0.925331320786	0.920402448773	0.920959348397	0.92317905682	0.924975436646	0.927137067062	0.929889173926	0.932843497879	0.934278814397	0.936359042012	0.939222221204
39	0.0	0.0	0.0	0.0	0.0	0.0	0.0	0.0	0.0	0.0	0.0	0.0	0.0	0.0	0.0	0.0	0.0	0.0	0.0	0.0	0.0	0.0	0.0	0.0	0.0	0.0	0.0	0.0	0.0	0.0	0.0
41	0.949345084021	0.960082122746	0.96581583823	0.96749669329	0.978797258997	0.997118964089	1.01408479409	1.03615914209	1.05334044571	1.06743664462	1.07900801894	1.08380252268	1.08373167704	1.08691841511	1.08798586439	1.08793545489	1.08925944909	1.08940491889	1.09167186923	1.0926768686	1.09115507705	1.09305172152	1.09275342422	1.09456513592	1.09252554947	1.09401496201	1.09460749873	1.09402983736	1.09408098961	1.09432431636	1.09553950433
43	0.899374701485	0.900831056608	0.900756222414	0.907284828183	0.916522648307	0.925720014812	0.933649469378	0.942432417783	0.948769275445	0.955914464114	0.967509482028	0.97247549179	0.975089487181	0.977183307537	0.97836393777	0.979687843114	0.979481765287	0.980326877309	0.980268540833	0.980848256324	0.983237688268	0.987734243999	0.990045744428	0.991512516361	0.991591685733	0.992069719325	0.996863253655	0.998743274234	1.00077690276	0.999309141836	1.00283697636
44	0.0	0.0	0.0	0.0	0.0	0.0	0.0	0.0	0.0	0.0	0.0	0.0	0.0	0.0	0.0	0.0	0.0	0.0	0.0	0.0	0.0	0.0	0.0	0.0	0.0	0.0	0.0	0.0	0.0	0.0	0.0
48	1.59722796484	1.2327693103	1.19124706969	1.17625808693	1.14585898526	1.13534386227	1.12650387893	1.1137775155	1.10426186961	1.09648535065	1.09138456775	1.08611083567	1.07579041553	1.06464260325	1.0587893568	1.05243953947	1.05454042293	1.0397422008	1.04346590672	1.03552700195	1.02951103155	1.02990304582	1.02642043086	1.02303644214	1.02422003342	1.02597967515	1.01991925078	1.01911329631	1.02069054298	1.02146697991	1.01695330321
49	0.928326942497	0.984913396704	1.01822513242	1.04491841627	1.05696870817	1.07152065546	1.07573622012	1.07707483944	1.07807983261	1.07524219039	1.0761148784	1.07149292393	1.07053829879	1.0698399291	1.06715578019	1.06625637681	1.06320653796	1.06438202971	1.06130479452	1.05831470435	1.06111802613	1.06024227382	1.05752129595	1.05622379931	1.05544435934	1.05722973746	1.05586490564	1.05648925581	1.05705887152	1.05678607693	1.05437552054
50	0.0	0.0	0.0	0.0	0.0	0.0	0.0	0.0	0.0	0.0	0.0	0.0	0.0	0.0	0.0	0.0	0.0	0.0	0.0	0.0	0.0	0.0	0.0	0.0	0.0	0.0	0.0	0.0	0.0	0.0	0.0
57	0.0	0.0	0.0	0.0	0.0	0.0	0.0	0.0	0.0	0.0	0.0	0.0	0.0	0.0	0.0	0.0	0.0	0.0	0.0	0.0	0.0	0.0	0.0	0.0	0.0	0.0	0.0	0.0	0.0	0.0	0.0
