county_id	county_jobs_within_half_mile_transit_2010	county_jobs_within_half_mile_transit_2011	county_jobs_within_half_mile_transit_2012	county_jobs_within_half_mile_transit_2013	county_jobs_within_half_mile_transit_2014	county_jobs_within_half_mile_transit_2015	county_jobs_within_half_mile_transit_2016	county_jobs_within_half_mile_transit_2017	county_jobs_within_half_mile_transit_2018	county_jobs_within_half_mile_transit_2019	county_jobs_within_half_mile_transit_2020	county_jobs_within_half_mile_transit_2021	county_jobs_within_half_mile_transit_2022	county_jobs_within_half_mile_transit_2023	county_jobs_within_half_mile_transit_2024	county_jobs_within_half_mile_transit_2025	county_jobs_within_half_mile_transit_2026	county_jobs_within_half_mile_transit_2027	county_jobs_within_half_mile_transit_2028	county_jobs_within_half_mile_transit_2029	county_jobs_within_half_mile_transit_2030	county_jobs_within_half_mile_transit_2031	county_jobs_within_half_mile_transit_2032	county_jobs_within_half_mile_transit_2033	county_jobs_within_half_mile_transit_2034	county_jobs_within_half_mile_transit_2035	county_jobs_within_half_mile_transit_2036	county_jobs_within_half_mile_transit_2037	county_jobs_within_half_mile_transit_2038	county_jobs_within_half_mile_transit_2039	county_jobs_within_half_mile_transit_2040
1	484655.0	485670.0	488571.0	491566.0	496150.0	502363.0	509235.0	516733.0	524142.0	533296.0	544030.0	548392.0	551697.0	553858.0	555593.0	557693.0	560017.0	560923.0	565423.0	568868.0	572732.0	576436.0	579509.0	582939.0	588019.0	594338.0	599191.0	604692.0	609857.0	615345.0	622113.0
7	210744.0	231834.0	245250.0	255449.0	266881.0	276444.0	283698.0	287099.0	289995.0	292256.0	294721.0	295316.0	296505.0	298246.0	300020.0	300891.0	302435.0	303631.0	304514.0	304967.0	305675.0	306538.0	307906.0	308729.0	309063.0	309176.0	309400.0	309768.0	310583.0	311044.0	311769.0
17	0.0	0.0	0.0	0.0	0.0	0.0	0.0	0.0	0.0	0.0	0.0	0.0	0.0	0.0	0.0	0.0	0.0	0.0	0.0	0.0	0.0	0.0	0.0	0.0	0.0	0.0	0.0	0.0	0.0	0.0	0.0
21	79117.0	81775.0	81931.0	81951.0	81993.0	81993.0	81993.0	81993.0	81993.0	81993.0	81993.0	81984.0	81949.0	81917.0	81910.0	81897.0	81836.0	81828.0	81798.0	81799.0	81838.0	81892.0	81907.0	82059.0	82404.0	82409.0	82433.0	82465.0	82464.0	82462.0	82453.0
23	0.0	0.0	0.0	0.0	0.0	0.0	0.0	0.0	0.0	0.0	0.0	0.0	0.0	0.0	0.0	0.0	0.0	0.0	0.0	0.0	0.0	0.0	0.0	0.0	0.0	0.0	0.0	0.0	0.0	0.0	0.0
24	0.0	0.0	0.0	0.0	0.0	0.0	0.0	0.0	0.0	0.0	0.0	0.0	0.0	0.0	0.0	0.0	0.0	0.0	0.0	0.0	0.0	0.0	0.0	0.0	0.0	0.0	0.0	0.0	0.0	0.0	0.0
28	41015.0	46149.0	46779.0	47394.0	47874.0	48399.0	48957.0	49445.0	49805.0	50660.0	51246.0	52096.0	52925.0	53104.0	53809.0	54765.0	55473.0	56127.0	56474.0	57086.0	57655.0	58139.0	58953.0	59492.0	59607.0	59605.0	59605.0	59587.0	59581.0	59550.0	59550.0
35	0.0	0.0	0.0	0.0	0.0	0.0	0.0	0.0	0.0	0.0	0.0	0.0	0.0	0.0	0.0	0.0	0.0	0.0	0.0	0.0	0.0	0.0	0.0	0.0	0.0	0.0	0.0	0.0	0.0	0.0	0.0
38	542499.0	551090.0	557916.0	566261.0	574994.0	580843.0	589053.0	598258.0	601082.0	603787.0	606877.0	608029.0	615834.0	621505.0	626899.0	632639.0	637608.0	638109.0	639574.0	640962.0	650887.0	659559.0	668205.0	669479.0	670811.0	672375.0	674081.0	676577.0	677806.0	679497.0	681768.0
39	0.0	0.0	0.0	0.0	0.0	0.0	0.0	0.0	0.0	0.0	0.0	0.0	0.0	0.0	0.0	0.0	0.0	0.0	0.0	0.0	0.0	0.0	0.0	0.0	0.0	0.0	0.0	0.0	0.0	0.0	0.0
41	78394.0	80076.0	81302.0	83253.0	85394.0	89287.0	92469.0	97139.0	102283.0	106708.0	110786.0	112791.0	114180.0	115104.0	116028.0	117087.0	118500.0	119289.0	121098.0	122523.0	123856.0	125425.0	127404.0	129738.0	132227.0	134637.0	137583.0	140554.0	143552.0	147316.0	150344.0
43	56749.0	56572.0	57046.0	57738.0	58614.0	60194.0	61346.0	62547.0	63944.0	65432.0	67261.0	68577.0	69735.0	70315.0	70713.0	71297.0	71740.0	72021.0	73021.0	73732.0	74235.0	74681.0	75165.0	75615.0	76751.0	78028.0	78938.0	79966.0	80836.0	81604.0	82425.0
44	0.0	0.0	0.0	0.0	0.0	0.0	0.0	0.0	0.0	0.0	0.0	0.0	0.0	0.0	0.0	0.0	0.0	0.0	0.0	0.0	0.0	0.0	0.0	0.0	0.0	0.0	0.0	0.0	0.0	0.0	0.0
48	59242.0	55445.0	55574.0	55910.0	56273.0	56656.0	56749.0	56977.0	57245.0	57379.0	57615.0	57860.0	57908.0	58066.0	58392.0	58462.0	58662.0	58912.0	59241.0	59377.0	59434.0	59700.0	59780.0	59954.0	60231.0	60263.0	60283.0	60353.0	60497.0	60662.0	60706.0
49	126842.0	133375.0	137391.0	140158.0	142772.0	145339.0	146866.0	147816.0	148740.0	149496.0	150407.0	150790.0	151388.0	151936.0	152289.0	153052.0	153554.0	154115.0	154695.0	155173.0	155595.0	155727.0	155988.0	156233.0	156836.0	157576.0	157977.0	158082.0	158173.0	158140.0	158306.0
50	0.0	0.0	0.0	0.0	0.0	0.0	0.0	0.0	0.0	0.0	0.0	0.0	0.0	0.0	0.0	0.0	0.0	0.0	0.0	0.0	0.0	0.0	0.0	0.0	0.0	0.0	0.0	0.0	0.0	0.0	0.0
57	0.0	0.0	0.0	0.0	0.0	0.0	0.0	0.0	0.0	0.0	0.0	0.0	0.0	0.0	0.0	0.0	0.0	0.0	0.0	0.0	0.0	0.0	0.0	0.0	0.0	0.0	0.0	0.0	0.0	0.0	0.0
